#!ascii label  , from subject fsaverage vox2ras=TkReg coords=white
174
374  -39.669  -28.861  61.102 0.0000000000
863  -42.605  -25.475  60.320 0.0000000000
4023  -40.904  -29.957  63.944 0.0000000000
4024  -41.171  -28.183  62.965 0.0000000000
6158  -39.610  -28.709  58.020 0.0000000000
6159  -41.107  -27.181  60.586 0.0000000000
6160  -41.376  -27.027  57.779 0.0000000000
6161  -43.006  -25.262  57.437 0.0000000000
11698  -38.809  -29.603  59.691 0.0000000000
11704  -40.407  -28.321  62.254 0.0000000000
14103  -40.492  -27.861  57.925 0.0000000000
14104  -40.523  -27.806  56.337 0.0000000000
14108  -43.703  -24.250  57.236 0.0000000000
17825  -41.786  -29.484  63.390 0.0000000000
17826  -41.480  -30.549  63.307 0.0000000000
17830  -41.851  -26.304  60.548 0.0000000000
17831  -41.900  -26.701  61.735 0.0000000000
23439  -40.498  -27.671  54.790 0.0000000000
25673  -41.075  -28.983  63.661 0.0000000000
25674  -41.915  -28.400  63.173 0.0000000000
29725  -38.739  -29.480  58.140 0.0000000000
29726  -39.696  -28.761  59.616 0.0000000000
29727  -40.439  -28.076  60.777 0.0000000000
29728  -40.434  -27.885  59.369 0.0000000000
29729  -41.198  -27.026  59.280 0.0000000000
29730  -41.967  -26.191  59.126 0.0000000000
29731  -41.416  -27.043  56.107 0.0000000000
29732  -42.197  -26.150  57.606 0.0000000000
29733  -42.796  -25.274  58.993 0.0000000000
29734  -43.572  -24.372  58.777 0.0000000000
29735  -44.253  -23.404  58.492 0.0000000000
34666  -40.540  -30.965  63.943 0.0000000000
34667  -40.946  -31.543  62.940 0.0000000000
34672  -41.172  -27.526  61.933 0.0000000000
34673  -41.919  -27.362  62.632 0.0000000000
42418  -39.264  -29.262  60.377 0.0000000000
42420  -39.231  -29.203  61.236 0.0000000000
42422  -39.617  -28.896  61.857 0.0000000000
42423  -39.971  -28.666  62.396 0.0000000000
42424  -40.037  -28.559  61.702 0.0000000000
44823  -40.029  -28.219  56.368 0.0000000000
44824  -39.996  -28.159  55.542 0.0000000000
48545  -42.225  -29.227  63.110 0.0000000000
48546  -42.066  -29.779  63.035 0.0000000000
48550  -42.212  -25.849  60.449 0.0000000000
48551  -42.216  -26.032  61.079 0.0000000000
48552  -42.583  -25.620  60.958 0.0000000000
58145  -40.733  -28.462  63.171 0.0000000000
58147  -41.134  -28.571  63.413 0.0000000000
58148  -41.520  -28.721  63.418 0.0000000000
58149  -41.568  -28.256  63.173 0.0000000000
65340  -39.209  -29.150  58.077 0.0000000000
65341  -39.256  -29.132  58.917 0.0000000000
65342  -39.690  -28.752  58.803 0.0000000000
65343  -40.087  -28.344  59.497 0.0000000000
65344  -40.066  -28.301  58.759 0.0000000000
65345  -40.933  -27.450  57.809 0.0000000000
65346  -40.858  -27.432  58.609 0.0000000000
65347  -41.287  -27.045  58.506 0.0000000000
65348  -41.583  -26.626  59.155 0.0000000000
65349  -41.685  -26.612  58.456 0.0000000000
65350  -40.959  -27.284  54.668 0.0000000000
65351  -40.969  -27.376  55.441 0.0000000000
65352  -41.482  -26.987  55.373 0.0000000000
65354  -42.250  -26.191  56.785 0.0000000000
65355  -42.593  -25.749  57.469 0.0000000000
65356  -42.501  -25.706  58.321 0.0000000000
65357  -42.871  -25.285  58.151 0.0000000000
65358  -43.191  -24.842  58.827 0.0000000000
65359  -43.266  -24.819  58.120 0.0000000000
65361  -43.956  -23.806  57.898 0.0000000000
76512  -40.748  -30.448  64.009 0.0000000000
76513  -41.678  -30.878  62.774 0.0000000000
76514  -41.212  -31.087  63.155 0.0000000000
76515  -41.386  -31.367  62.566 0.0000000000
76525  -40.796  -27.592  60.764 0.0000000000
76526  -40.753  -27.755  61.324 0.0000000000
76527  -41.146  -27.308  61.307 0.0000000000
76528  -42.329  -26.664  62.101 0.0000000000
76529  -41.930  -27.020  62.185 0.0000000000
76530  -42.315  -27.012  62.444 0.0000000000
76531  -42.315  -27.531  62.722 0.0000000000
94793  -40.363  -28.500  62.855 0.0000000000
94794  -40.773  -28.191  62.642 0.0000000000
99111  -40.043  -28.281  57.940 0.0000000000
99112  -40.069  -28.245  57.209 0.0000000000
99113  -40.551  -27.844  57.120 0.0000000000
99114  -40.987  -27.429  57.086 0.0000000000
99120  -43.353  -24.816  57.262 0.0000000000
105811  -41.377  -29.732  63.698 0.0000000000
105812  -41.213  -30.276  63.687 0.0000000000
105813  -41.683  -30.044  63.354 0.0000000000
105814  -41.923  -30.370  62.922 0.0000000000
105820  -41.528  -26.708  60.610 0.0000000000
105821  -41.478  -26.923  61.162 0.0000000000
105822  -41.901  -26.459  61.173 0.0000000000
105823  -42.266  -26.321  61.618 0.0000000000
116127  -40.006  -28.046  54.845 0.0000000000
116128  -39.939  -27.942  54.106 0.0000000000
116129  -40.383  -27.576  53.947 0.0000000000
121341  -41.012  -29.467  63.872 0.0000000000
121342  -41.473  -29.234  63.593 0.0000000000
121343  -41.866  -28.941  63.326 0.0000000000
121344  -42.318  -28.668  62.999 0.0000000000
131148  -38.792  -29.518  58.903 0.0000000000
131149  -39.293  -29.186  59.671 0.0000000000
131150  -39.708  -28.822  60.359 0.0000000000
131151  -40.110  -28.471  61.091 0.0000000000
131152  -40.099  -28.403  60.222 0.0000000000
131153  -40.450  -27.939  60.164 0.0000000000
131154  -40.791  -27.483  60.002 0.0000000000
131155  -40.420  -27.930  58.574 0.0000000000
131156  -40.782  -27.530  59.253 0.0000000000
131157  -41.137  -27.127  59.922 0.0000000000
131158  -41.531  -26.644  59.931 0.0000000000
131159  -41.892  -26.180  59.836 0.0000000000
131160  -42.269  -25.785  59.760 0.0000000000
131161  -40.511  -27.769  55.497 0.0000000000
131162  -41.015  -27.471  56.217 0.0000000000
131163  -41.393  -27.046  56.964 0.0000000000
131164  -41.883  -26.621  56.069 0.0000000000
131165  -41.856  -26.631  56.837 0.0000000000
131166  -41.757  -26.625  57.693 0.0000000000
131167  -42.076  -26.185  58.357 0.0000000000
131168  -42.353  -25.740  59.018 0.0000000000
131169  -42.661  -25.366  59.630 0.0000000000
131170  -43.124  -24.895  59.569 0.0000000000
131171  -43.523  -24.440  59.450 0.0000000000
131172  -43.883  -24.019  59.339 0.0000000000
131173  -43.637  -24.342  57.951 0.0000000000
131174  -43.936  -23.908  58.609 0.0000000000
131175  -44.235  -23.565  59.166 0.0000000000
145026  -40.286  -31.391  63.871 0.0000000000
145027  -41.004  -30.771  63.635 0.0000000000
145028  -40.775  -31.244  63.493 0.0000000000
145029  -40.447  -31.710  63.364 0.0000000000
145042  -40.422  -28.141  61.606 0.0000000000
145043  -40.784  -27.944  62.070 0.0000000000
145044  -41.180  -27.813  62.540 0.0000000000
145045  -41.533  -27.104  61.847 0.0000000000
145046  -41.550  -27.402  62.331 0.0000000000
145047  -41.563  -27.799  62.802 0.0000000000
145048  -41.952  -27.906  62.868 0.0000000000
145049  -42.369  -28.080  62.898 0.0000000000
367  -45.576  -21.973  59.055 0.0000000000
3987  -46.394  -20.438  57.798 0.0000000000
11665  -46.414  -22.000  59.398 0.0000000000
11666  -46.921  -21.255  58.854 0.0000000000
11667  -46.056  -21.213  58.476 0.0000000000
11705  -44.914  -22.832  59.428 0.0000000000
11707  -45.830  -22.782  59.918 0.0000000000
42385  -45.978  -21.934  59.275 0.0000000000
42386  -46.207  -21.519  59.041 0.0000000000
42387  -45.804  -21.566  58.803 0.0000000000
42425  -45.252  -22.410  59.234 0.0000000000
42426  -45.372  -22.754  59.741 0.0000000000
42427  -45.681  -22.317  59.551 0.0000000000
42428  -46.129  -22.388  59.709 0.0000000000
58033  -46.673  -20.780  58.425 0.0000000000
58034  -47.068  -20.853  58.555 0.0000000000
58035  -46.850  -20.419  58.049 0.0000000000
94725  -46.645  -21.603  59.139 0.0000000000
94726  -46.505  -21.152  58.747 0.0000000000
94727  -46.244  -20.803  58.174 0.0000000000
94795  -44.564  -23.320  59.581 0.0000000000
94797  -44.984  -23.185  59.953 0.0000000000
94798  -45.474  -23.172  60.227 0.0000000000
131008  -45.184  -22.134  58.638 0.0000000000
131009  -45.396  -21.764  58.384 0.0000000000
131176  -44.568  -23.080  58.997 0.0000000000
131177  -44.858  -22.617  58.824 0.0000000000
144636  -45.605  -21.379  58.084 0.0000000000
144637  -45.770  -20.952  57.779 0.0000000000
144638  -45.965  -20.584  57.368 0.0000000000
