#!ascii label  , from subject fsaverage vox2ras=TkReg coords=white
209
46  -41.863  -22.613  39.018 0.0000000000
1023  -45.879  -20.195  46.624 0.0000000000
1024  -52.913  -17.937  50.026 0.0000000000
1025  -49.431  -20.308  44.484 0.0000000000
2943  -43.948  -21.531  42.856 0.0000000000
2944  -47.856  -20.280  45.694 0.0000000000
2945  -45.572  -21.572  41.711 0.0000000000
4506  -54.493  -18.553  48.272 0.0000000000
6447  -47.701  -18.816  49.919 0.0000000000
6449  -49.615  -18.632  48.884 0.0000000000
6450  -51.509  -18.820  47.634 0.0000000000
6451  -52.912  -18.826  46.055 0.0000000000
8734  -50.697  -20.074  42.789 0.0000000000
10623  -42.907  -22.197  40.891 0.0000000000
10624  -44.792  -21.619  42.307 0.0000000000
10625  -43.658  -22.171  40.270 0.0000000000
14583  -46.829  -19.488  48.371 0.0000000000
14584  -48.689  -18.640  49.412 0.0000000000
14585  -47.814  -19.430  47.851 0.0000000000
14586  -48.638  -20.303  45.136 0.0000000000
14587  -49.713  -19.541  46.854 0.0000000000
14588  -50.563  -19.561  46.224 0.0000000000
14589  -52.305  -18.849  46.847 0.0000000000
14590  -51.341  -19.510  45.497 0.0000000000
17726  -45.675  -19.614  49.592 0.0000000000
19271  -52.037  -17.756  50.754 0.0000000000
19292  -52.432  -19.223  43.668 0.0000000000
23727  -44.948  -20.890  44.791 0.0000000000
23728  -46.903  -20.220  46.144 0.0000000000
23729  -45.842  -20.946  44.263 0.0000000000
23730  -46.696  -20.969  43.733 0.0000000000
23731  -47.502  -20.950  43.140 0.0000000000
26540  -53.748  -18.227  49.229 0.0000000000
30399  -48.561  -18.154  51.471 0.0000000000
30401  -49.551  -18.016  50.859 0.0000000000
30402  -50.404  -17.937  50.238 0.0000000000
30403  -51.388  -17.985  49.654 0.0000000000
30404  -48.830  -19.433  47.416 0.0000000000
30405  -50.632  -18.714  48.331 0.0000000000
30406  -52.330  -18.191  48.897 0.0000000000
30407  -53.135  -18.332  48.114 0.0000000000
30408  -53.823  -18.477  47.262 0.0000000000
32848  -42.588  -22.395  38.302 0.0000000000
34545  -47.130  -18.905  50.633 0.0000000000
34546  -46.240  -19.507  49.017 0.0000000000
36447  -44.370  -21.922  39.577 0.0000000000
36448  -46.237  -21.420  40.962 0.0000000000
36449  -48.168  -20.906  42.403 0.0000000000
36452  -50.120  -20.262  43.700 0.0000000000
36453  -51.827  -19.484  44.587 0.0000000000
41343  -42.363  -22.445  39.952 0.0000000000
41344  -43.287  -22.200  40.574 0.0000000000
41345  -42.749  -22.420  39.631 0.0000000000
45303  -46.412  -19.814  47.521 0.0000000000
45304  -47.338  -19.431  48.126 0.0000000000
45305  -46.863  -19.839  47.275 0.0000000000
45306  -49.044  -20.305  44.814 0.0000000000
45307  -49.587  -19.931  45.782 0.0000000000
45308  -50.039  -19.938  45.413 0.0000000000
45309  -50.955  -19.566  45.876 0.0000000000
45310  -50.367  -19.940  45.047 0.0000000000
49991  -52.457  -17.808  50.444 0.0000000000
49992  -52.771  -17.872  50.892 0.0000000000
49993  -53.141  -17.997  50.531 0.0000000000
54903  -44.355  -21.204  43.738 0.0000000000
54904  -45.428  -20.910  44.534 0.0000000000
54905  -44.824  -21.270  43.516 0.0000000000
54906  -45.220  -21.611  42.022 0.0000000000
54907  -45.702  -21.326  42.958 0.0000000000
54908  -46.114  -21.285  42.698 0.0000000000
54909  -47.085  -20.955  43.413 0.0000000000
54910  -46.522  -21.254  42.426 0.0000000000
59591  -54.142  -18.413  48.747 0.0000000000
59592  -54.330  -18.541  49.224 0.0000000000
59593  -54.675  -18.695  48.766 0.0000000000
66783  -48.103  -18.465  50.718 0.0000000000
66784  -49.016  -18.056  51.150 0.0000000000
66785  -48.652  -18.369  50.432 0.0000000000
66786  -49.195  -18.578  49.155 0.0000000000
66787  -49.580  -18.221  49.877 0.0000000000
66788  -50.067  -18.207  49.574 0.0000000000
66789  -50.863  -17.956  49.924 0.0000000000
66790  -50.520  -18.277  49.285 0.0000000000
66791  -47.422  -20.230  45.950 0.0000000000
66792  -47.903  -19.825  46.848 0.0000000000
66793  -48.359  -19.860  46.616 0.0000000000
66794  -50.647  -19.164  47.285 0.0000000000
66795  -50.156  -19.110  47.603 0.0000000000
66796  -51.077  -18.767  47.981 0.0000000000
66797  -51.483  -18.403  48.672 0.0000000000
66798  -51.990  -18.461  48.303 0.0000000000
66799  -52.806  -18.250  48.541 0.0000000000
66800  -52.374  -18.514  47.889 0.0000000000
66801  -52.592  -18.829  46.480 0.0000000000
66802  -53.116  -18.599  47.040 0.0000000000
66803  -53.425  -18.588  46.658 0.0000000000
76211  -47.439  -18.604  51.364 0.0000000000
76212  -46.758  -18.964  50.900 0.0000000000
76214  -45.908  -19.565  49.277 0.0000000000
80891  -42.991  -22.216  37.951 0.0000000000
80892  -43.477  -22.203  38.945 0.0000000000
80893  -43.865  -22.012  38.577 0.0000000000
80895  -45.688  -21.472  39.936 0.0000000000
80896  -46.607  -21.284  40.632 0.0000000000
80897  -47.182  -21.181  41.681 0.0000000000
80898  -47.548  -21.056  41.312 0.0000000000
80905  -49.435  -20.541  42.653 0.0000000000
80906  -50.359  -20.233  43.222 0.0000000000
80907  -50.949  -19.908  44.169 0.0000000000
80908  -51.248  -19.813  43.704 0.0000000000
80910  -52.944  -18.931  44.433 0.0000000000
92847  -43.412  -21.895  41.853 0.0000000000
92848  -44.399  -21.596  42.593 0.0000000000
92849  -43.824  -21.919  41.587 0.0000000000
92850  -44.244  -21.914  41.291 0.0000000000
92851  -44.611  -21.876  40.986 0.0000000000
99975  -47.290  -19.145  49.194 0.0000000000
99976  -48.211  -18.689  49.702 0.0000000000
99977  -47.761  -19.085  48.911 0.0000000000
99978  -48.244  -19.015  48.646 0.0000000000
99979  -48.751  -19.001  48.409 0.0000000000
99980  -48.275  -20.278  45.432 0.0000000000
99981  -48.791  -19.908  46.342 0.0000000000
99982  -49.218  -19.921  46.036 0.0000000000
99983  -50.185  -19.568  46.557 0.0000000000
99984  -51.088  -19.178  46.942 0.0000000000
99985  -51.982  -18.821  47.244 0.0000000000
99986  -51.445  -19.202  46.588 0.0000000000
99987  -51.799  -19.210  46.238 0.0000000000
99988  -52.124  -19.143  45.827 0.0000000000
105632  -46.138  -19.297  50.433 0.0000000000
108413  -51.610  -17.713  51.079 0.0000000000
108415  -52.355  -17.805  51.276 0.0000000000
108449  -50.941  -19.865  42.349 0.0000000000
108450  -51.569  -19.722  43.266 0.0000000000
108451  -51.851  -19.503  42.809 0.0000000000
116799  -45.404  -20.560  45.690 0.0000000000
116800  -46.416  -20.223  46.392 0.0000000000
116801  -45.919  -20.591  45.444 0.0000000000
116802  -46.441  -20.586  45.243 0.0000000000
116803  -46.854  -20.608  44.980 0.0000000000
116804  -45.279  -21.266  43.289 0.0000000000
116805  -46.262  -20.956  44.014 0.0000000000
116806  -47.291  -20.606  44.738 0.0000000000
116807  -47.694  -20.619  44.464 0.0000000000
116808  -48.093  -20.626  44.167 0.0000000000
116809  -48.467  -20.645  43.850 0.0000000000
123362  -53.354  -18.080  49.652 0.0000000000
123363  -53.584  -18.178  50.107 0.0000000000
123364  -53.995  -18.352  49.679 0.0000000000
132980  -49.066  -18.296  50.131 0.0000000000
132981  -49.890  -17.973  50.537 0.0000000000
132983  -51.235  -17.778  50.540 0.0000000000
132984  -51.716  -17.794  50.229 0.0000000000
132985  -52.118  -17.865  49.872 0.0000000000
132986  -47.377  -19.829  47.045 0.0000000000
132987  -48.316  -19.428  47.623 0.0000000000
132988  -49.237  -19.043  48.154 0.0000000000
132989  -49.233  -19.492  47.128 0.0000000000
132990  -49.724  -19.061  47.901 0.0000000000
132991  -50.087  -18.655  48.629 0.0000000000
132992  -50.977  -18.324  48.993 0.0000000000
132993  -51.834  -18.095  49.266 0.0000000000
132994  -52.593  -17.993  49.494 0.0000000000
132995  -53.047  -18.100  49.097 0.0000000000
132996  -53.490  -18.265  48.661 0.0000000000
132997  -53.877  -18.366  48.222 0.0000000000
132998  -52.779  -18.554  47.484 0.0000000000
132999  -53.545  -18.384  47.701 0.0000000000
133000  -54.243  -18.452  47.807 0.0000000000
139743  -41.325  -22.667  38.123 0.0000000000
139744  -42.221  -22.519  38.684 0.0000000000
139745  -41.694  -22.542  37.741 0.0000000000
139746  -42.077  -22.376  37.379 0.0000000000
144663  -48.126  -18.252  51.772 0.0000000000
144664  -47.877  -18.492  51.081 0.0000000000
144665  -47.416  -18.856  50.277 0.0000000000
144666  -46.431  -19.274  50.127 0.0000000000
144667  -46.640  -19.241  49.801 0.0000000000
144668  -46.956  -19.181  49.502 0.0000000000
144669  -46.512  -19.495  48.702 0.0000000000
144670  -46.099  -19.784  47.883 0.0000000000
144671  -45.539  -20.136  46.926 0.0000000000
144680  -45.042  -20.491  46.004 0.0000000000
144681  -44.555  -20.836  45.034 0.0000000000
144682  -44.092  -21.120  44.135 0.0000000000
144683  -43.600  -21.434  43.159 0.0000000000
144686  -43.127  -21.784  42.207 0.0000000000
144687  -42.634  -22.126  41.266 0.0000000000
144688  -42.122  -22.421  40.308 0.0000000000
144689  -41.588  -22.632  39.382 0.0000000000
144770  -41.015  -22.720  38.494 0.0000000000
150309  -43.133  -22.325  39.267 0.0000000000
150310  -44.032  -22.059  39.924 0.0000000000
150311  -44.972  -21.778  40.613 0.0000000000
150312  -44.724  -21.755  39.240 0.0000000000
150313  -45.351  -21.632  40.289 0.0000000000
150314  -45.932  -21.517  41.328 0.0000000000
150315  -46.922  -21.224  42.081 0.0000000000
150316  -47.854  -20.946  42.789 0.0000000000
150317  -48.839  -20.595  43.458 0.0000000000
150324  -48.528  -20.799  42.020 0.0000000000
150325  -49.138  -20.611  43.062 0.0000000000
150326  -49.763  -20.318  44.073 0.0000000000
150327  -50.643  -19.968  44.623 0.0000000000
150328  -51.580  -19.515  45.067 0.0000000000
150329  -52.397  -19.102  45.373 0.0000000000
150330  -52.119  -19.364  44.110 0.0000000000
150331  -52.710  -19.037  44.886 0.0000000000
