#!ascii label  , from subject fsaverage vox2ras=TkReg coords=white
217
107  48.844  -16.536  49.060 0.0000000000
1063  51.170  -16.201  42.617 0.0000000000
1064  52.804  -15.217  48.336 0.0000000000
2982  48.083  -17.494  45.949 0.0000000000
2983  50.040  -16.631  45.938 0.0000000000
2984  50.955  -15.640  48.909 0.0000000000
2985  53.159  -15.893  50.316 0.0000000000
2986  51.464  -15.688  51.180 0.0000000000
4625  53.844  -15.034  45.295 0.0000000000
6521  51.855  -15.737  45.640 0.0000000000
6522  54.329  -15.528  47.444 0.0000000000
6524  54.073  -16.713  49.096 0.0000000000
8905  49.182  -16.182  52.140 0.0000000000
10662  48.526  -16.929  47.609 0.0000000000
10663  49.537  -16.463  47.631 0.0000000000
10664  49.947  -16.039  49.023 0.0000000000
10665  51.338  -15.522  50.128 0.0000000000
10666  50.260  -15.878  50.272 0.0000000000
14705  51.412  -15.722  47.346 0.0000000000
14706  50.992  -16.161  45.875 0.0000000000
14707  52.323  -15.394  47.056 0.0000000000
14708  53.196  -15.201  46.714 0.0000000000
14709  53.616  -15.242  47.929 0.0000000000
14710  54.295  -16.062  48.298 0.0000000000
14711  53.846  -15.669  48.942 0.0000000000
14712  53.116  -16.572  51.084 0.0000000000
14713  53.543  -17.025  50.431 0.0000000000
19632  50.940  -16.131  41.149 0.0000000000
19713  50.415  -16.160  52.995 0.0000000000
23800  49.023  -17.045  46.010 0.0000000000
23801  50.409  -16.100  47.476 0.0000000000
23802  51.870  -15.420  48.641 0.0000000000
23803  53.058  -15.448  49.371 0.0000000000
23804  52.231  -15.355  49.830 0.0000000000
23805  52.415  -15.654  50.781 0.0000000000
23806  52.462  -16.283  51.684 0.0000000000
26755  52.468  -15.474  44.089 0.0000000000
26756  52.226  -15.517  42.713 0.0000000000
26757  53.501  -14.985  44.027 0.0000000000
30573  51.472  -16.042  44.154 0.0000000000
30574  52.830  -15.318  45.451 0.0000000000
30575  54.090  -15.154  46.373 0.0000000000
30581  53.722  -16.246  49.735 0.0000000000
30582  53.708  -17.538  49.664 0.0000000000
36960  47.871  -16.695  50.925 0.0000000000
36961  49.100  -16.296  50.646 0.0000000000
36962  50.407  -15.870  51.717 0.0000000000
36963  51.484  -16.084  52.368 0.0000000000
41382  48.740  -16.720  48.340 0.0000000000
41383  49.275  -16.437  48.370 0.0000000000
41384  49.422  -16.283  49.061 0.0000000000
41385  50.097  -15.951  49.641 0.0000000000
41386  49.563  -16.181  49.693 0.0000000000
45425  52.137  -15.362  47.909 0.0000000000
45426  51.850  -15.572  47.226 0.0000000000
45427  52.600  -15.248  47.748 0.0000000000
45428  52.993  -15.212  47.540 0.0000000000
45429  53.230  -15.203  48.139 0.0000000000
45430  53.791  -15.392  48.443 0.0000000000
45431  53.396  -15.334  48.674 0.0000000000
45432  53.035  -16.975  51.393 0.0000000000
45433  53.268  -17.199  51.065 0.0000000000
50352  51.057  -16.181  41.859 0.0000000000
55024  48.559  -17.272  45.979 0.0000000000
55025  50.254  -16.016  48.315 0.0000000000
55026  49.970  -16.273  47.568 0.0000000000
55027  50.691  -15.816  48.198 0.0000000000
55028  51.162  -15.690  48.108 0.0000000000
55029  51.421  -15.517  48.780 0.0000000000
55030  52.068  -15.336  49.264 0.0000000000
55031  51.625  -15.409  49.422 0.0000000000
55032  51.423  -15.573  50.635 0.0000000000
55033  51.904  -15.501  50.477 0.0000000000
55034  51.955  -15.658  50.973 0.0000000000
55035  52.449  -15.993  51.263 0.0000000000
55036  52.012  -15.898  51.466 0.0000000000
59950  53.149  -15.179  44.737 0.0000000000
59951  52.996  -15.203  44.069 0.0000000000
59952  53.664  -14.972  44.688 0.0000000000
67153  51.423  -15.939  45.780 0.0000000000
67155  51.170  -16.150  44.977 0.0000000000
67156  50.972  -16.329  44.152 0.0000000000
67157  51.609  -15.901  44.925 0.0000000000
67158  52.140  -15.627  44.870 0.0000000000
67159  52.348  -15.508  45.530 0.0000000000
67160  53.823  -15.186  47.117 0.0000000000
67161  53.694  -15.143  46.529 0.0000000000
67162  54.197  -15.268  46.887 0.0000000000
67167  54.216  -16.378  48.708 0.0000000000
67172  53.133  -15.628  49.861 0.0000000000
67173  53.487  -15.766  49.604 0.0000000000
67174  53.476  -16.052  50.069 0.0000000000
67175  53.494  -17.703  50.294 0.0000000000
67176  53.646  -17.271  50.034 0.0000000000
67177  53.513  -17.948  49.891 0.0000000000
81933  52.746  -15.197  42.713 0.0000000000
81934  52.107  -15.469  42.013 0.0000000000
82170  48.508  -16.410  51.556 0.0000000000
82171  48.504  -16.499  50.827 0.0000000000
82172  49.165  -16.196  51.418 0.0000000000
82173  49.810  -16.009  51.255 0.0000000000
82174  49.784  -16.014  51.916 0.0000000000
82175  50.905  -16.418  53.281 0.0000000000
82176  50.965  -16.123  52.703 0.0000000000
82177  51.403  -16.437  52.950 0.0000000000
82178  51.867  -16.457  52.556 0.0000000000
92918  48.311  -17.188  46.825 0.0000000000
92919  48.831  -16.974  46.837 0.0000000000
92920  49.063  -16.673  47.634 0.0000000000
92921  49.771  -16.223  48.349 0.0000000000
92922  50.473  -15.811  48.973 0.0000000000
92923  51.151  -15.509  49.539 0.0000000000
92924  50.599  -15.718  49.571 0.0000000000
92925  50.853  -15.662  50.253 0.0000000000
92926  50.909  -15.683  50.805 0.0000000000
100195  50.747  -16.139  46.711 0.0000000000
100196  50.530  -16.413  45.915 0.0000000000
100197  51.209  -15.948  46.632 0.0000000000
100198  51.664  -15.739  46.509 0.0000000000
100199  52.090  -15.537  46.346 0.0000000000
100200  52.539  -15.378  46.213 0.0000000000
100201  52.747  -15.292  46.888 0.0000000000
100202  53.393  -15.206  47.335 0.0000000000
100203  54.012  -15.388  47.706 0.0000000000
100204  54.328  -15.768  47.891 0.0000000000
100205  54.070  -15.550  48.176 0.0000000000
100206  54.097  -15.838  48.627 0.0000000000
100207  54.042  -16.131  49.044 0.0000000000
100208  53.142  -16.210  50.737 0.0000000000
100209  53.452  -16.401  50.476 0.0000000000
100210  53.381  -16.788  50.801 0.0000000000
100211  53.414  -17.447  50.697 0.0000000000
109209  49.808  -16.099  52.623 0.0000000000
116970  49.538  -16.835  45.990 0.0000000000
116971  49.285  -16.765  46.810 0.0000000000
116972  49.732  -16.564  46.772 0.0000000000
116973  50.217  -16.359  46.731 0.0000000000
116974  50.936  -15.891  47.429 0.0000000000
116975  51.645  -15.528  48.014 0.0000000000
116976  52.330  -15.294  48.486 0.0000000000
116977  52.965  -15.301  48.883 0.0000000000
116978  52.503  -15.285  49.088 0.0000000000
116979  52.638  -15.385  49.600 0.0000000000
116980  52.777  -15.507  50.102 0.0000000000
116981  51.788  -15.411  49.992 0.0000000000
116982  52.342  -15.461  50.315 0.0000000000
116983  52.801  -15.759  50.549 0.0000000000
116984  52.810  -16.072  51.009 0.0000000000
116985  52.819  -16.434  51.391 0.0000000000
116986  52.724  -16.743  51.733 0.0000000000
123865  51.846  -15.826  43.365 0.0000000000
123866  51.687  -15.869  42.663 0.0000000000
123867  52.339  -15.508  43.415 0.0000000000
123868  52.886  -15.212  43.399 0.0000000000
123869  53.386  -14.959  43.375 0.0000000000
133449  51.341  -16.122  43.363 0.0000000000
133450  51.982  -15.764  44.122 0.0000000000
133451  52.650  -15.392  44.811 0.0000000000
133452  53.330  -15.153  45.390 0.0000000000
133453  53.021  -15.255  46.066 0.0000000000
133454  53.473  -15.160  45.930 0.0000000000
133455  53.917  -15.081  45.846 0.0000000000
133469  53.476  -15.532  49.155 0.0000000000
133470  53.794  -15.938  49.344 0.0000000000
133471  53.921  -16.466  49.423 0.0000000000
133472  53.645  -16.606  50.107 0.0000000000
133473  53.789  -16.848  49.745 0.0000000000
133474  53.892  -17.105  49.412 0.0000000000
151562  51.590  -15.824  41.928 0.0000000000
151563  51.455  -15.752  41.271 0.0000000000
151847  47.778  -16.847  50.134 0.0000000000
151848  48.399  -16.635  50.023 0.0000000000
151849  49.016  -16.406  49.878 0.0000000000
151850  49.661  -16.086  50.445 0.0000000000
151851  50.369  -15.838  51.024 0.0000000000
151852  50.949  -15.753  51.464 0.0000000000
151853  50.471  -15.978  52.399 0.0000000000
151854  50.982  -15.889  52.090 0.0000000000
151855  51.529  -15.867  51.771 0.0000000000
151856  51.999  -16.139  52.006 0.0000000000
151857  52.329  -16.560  52.130 0.0000000000
36952  42.278  -20.869  48.960 0.0000000000
36953  42.910  -19.726  49.560 0.0000000000
36954  43.369  -18.804  49.873 0.0000000000
36955  44.216  -18.035  50.190 0.0000000000
36958  45.350  -17.459  50.550 0.0000000000
36959  46.634  -17.069  50.963 0.0000000000
82150  43.114  -20.593  50.115 0.0000000000
82151  42.588  -20.281  49.263 0.0000000000
82152  43.378  -20.000  50.388 0.0000000000
82154  43.898  -18.926  50.834 0.0000000000
82155  44.179  -18.503  50.973 0.0000000000
82156  43.762  -18.375  50.042 0.0000000000
82157  44.584  -18.094  51.137 0.0000000000
82164  45.546  -17.469  51.407 0.0000000000
82165  46.138  -17.190  51.571 0.0000000000
82166  46.003  -17.259  50.815 0.0000000000
82167  46.686  -16.993  51.668 0.0000000000
82169  47.917  -16.606  51.681 0.0000000000
151823  41.750  -20.530  48.169 0.0000000000
151824  42.058  -20.007  48.452 0.0000000000
151825  42.345  -19.502  48.686 0.0000000000
151826  43.630  -19.447  50.617 0.0000000000
151827  43.152  -19.233  49.765 0.0000000000
151828  42.663  -19.060  48.870 0.0000000000
151829  43.038  -18.636  49.017 0.0000000000
151830  43.522  -18.264  49.198 0.0000000000
151831  44.032  -17.984  49.363 0.0000000000
151838  45.064  -17.752  51.282 0.0000000000
151839  44.775  -17.725  50.384 0.0000000000
151840  44.611  -17.750  49.560 0.0000000000
151841  45.225  -17.559  49.785 0.0000000000
151842  45.835  -17.353  49.980 0.0000000000
151843  46.480  -17.186  50.105 0.0000000000
151844  47.294  -16.799  51.717 0.0000000000
151845  47.229  -16.889  50.959 0.0000000000
151846  47.119  -17.022  50.149 0.0000000000
