#!ascii label  , from subject fsaverage vox2ras=TkReg coords=white
198
238  41.470  -26.417  59.316 0.0000000000
1071  45.051  -23.127  60.159 0.0000000000
1579  37.266  -29.391  57.062 0.0000000000
4645  39.595  -26.931  55.198 0.0000000000
4646  39.644  -25.653  52.127 0.0000000000
4647  41.985  -25.229  56.450 0.0000000000
7521  39.593  -28.072  58.136 0.0000000000
7523  39.191  -29.031  61.116 0.0000000000
7524  41.044  -27.620  62.020 0.0000000000
8897  37.432  -26.169  48.072 0.0000000000
8900  43.798  -23.109  57.593 0.0000000000
12325  40.750  -26.810  57.318 0.0000000000
12326  40.910  -26.170  55.828 0.0000000000
12327  41.798  -25.894  57.892 0.0000000000
16523  38.371  -28.260  55.952 0.0000000000
16524  38.535  -28.835  57.571 0.0000000000
16529  38.864  -29.502  62.699 0.0000000000
16530  39.888  -29.011  62.808 0.0000000000
16531  40.169  -28.243  61.624 0.0000000000
16532  40.918  -28.611  62.956 0.0000000000
19692  37.181  -26.602  49.445 0.0000000000
19693  41.028  -24.822  52.780 0.0000000000
19698  44.112  -23.781  60.183 0.0000000000
19699  43.489  -23.834  58.731 0.0000000000
19700  44.321  -22.876  59.159 0.0000000000
26791  38.319  -26.923  53.119 0.0000000000
26792  38.242  -26.345  51.476 0.0000000000
26793  39.614  -26.235  53.688 0.0000000000
26794  40.960  -25.466  54.326 0.0000000000
26795  42.151  -24.551  54.990 0.0000000000
26796  45.995  -22.715  59.795 0.0000000000
26797  45.207  -22.091  59.335 0.0000000000
33025  38.320  -27.619  54.527 0.0000000000
33026  39.670  -27.542  56.615 0.0000000000
33027  40.518  -27.296  58.732 0.0000000000
33030  37.238  -29.833  58.817 0.0000000000
33032  38.148  -29.724  60.828 0.0000000000
33033  38.457  -29.306  59.127 0.0000000000
33034  39.515  -28.547  59.700 0.0000000000
33035  40.339  -27.709  60.251 0.0000000000
33036  41.152  -26.903  60.731 0.0000000000
36936  36.562  -26.224  46.522 0.0000000000
36938  38.480  -25.909  50.046 0.0000000000
36944  42.689  -24.892  58.327 0.0000000000
36945  42.925  -24.191  57.038 0.0000000000
36946  43.220  -23.560  55.658 0.0000000000
36947  44.623  -22.039  58.116 0.0000000000
36948  44.177  -22.405  56.358 0.0000000000
43045  41.170  -26.612  58.356 0.0000000000
43046  41.351  -26.358  57.598 0.0000000000
43047  41.654  -26.170  58.588 0.0000000000
47244  37.896  -29.144  57.287 0.0000000000
47249  39.768  -29.396  63.398 0.0000000000
47250  40.274  -29.246  63.412 0.0000000000
47251  40.401  -28.735  62.923 0.0000000000
50418  44.595  -23.424  60.213 0.0000000000
50419  44.240  -23.277  59.698 0.0000000000
50420  44.671  -22.907  59.755 0.0000000000
60010  38.980  -26.952  54.161 0.0000000000
60011  38.960  -26.600  53.373 0.0000000000
60012  39.648  -26.593  54.455 0.0000000000
60013  41.447  -25.712  56.106 0.0000000000
60014  40.863  -25.832  55.004 0.0000000000
60015  41.514  -25.361  55.402 0.0000000000
60016  41.546  -25.040  54.625 0.0000000000
60017  42.071  -24.905  55.699 0.0000000000
72603  37.648  -27.609  53.470 0.0000000000
72604  37.710  -27.938  54.262 0.0000000000
72605  39.017  -28.212  57.017 0.0000000000
72606  39.028  -27.930  56.263 0.0000000000
72607  39.592  -27.819  57.315 0.0000000000
72608  40.130  -27.464  57.645 0.0000000000
72609  40.047  -27.676  58.443 0.0000000000
72617  37.087  -30.046  59.623 0.0000000000
72621  39.000  -29.255  61.891 0.0000000000
72622  38.500  -29.573  61.780 0.0000000000
72623  38.692  -29.423  60.950 0.0000000000
72624  38.324  -29.532  59.997 0.0000000000
72625  38.862  -29.158  60.178 0.0000000000
72626  38.998  -28.962  59.388 0.0000000000
72627  39.360  -28.822  60.376 0.0000000000
72628  40.606  -27.952  61.822 0.0000000000
72629  40.271  -27.975  60.933 0.0000000000
72630  40.685  -27.596  61.161 0.0000000000
72631  40.743  -27.306  60.530 0.0000000000
72632  41.071  -27.178  61.408 0.0000000000
72633  41.529  -26.930  61.516 0.0000000000
72634  41.485  -27.340  62.099 0.0000000000
82108  36.852  -26.460  47.921 0.0000000000
82109  36.411  -26.521  47.110 0.0000000000
82110  36.975  -26.234  47.255 0.0000000000
82111  37.069  -25.931  46.604 0.0000000000
82112  37.528  -25.911  47.418 0.0000000000
82113  39.017  -25.983  51.874 0.0000000000
82114  38.365  -26.146  50.752 0.0000000000
82115  39.013  -25.799  51.054 0.0000000000
82131  43.660  -23.441  58.157 0.0000000000
82132  43.227  -24.009  57.896 0.0000000000
82133  43.372  -23.625  57.323 0.0000000000
82134  43.072  -23.874  56.381 0.0000000000
82135  43.545  -23.316  56.697 0.0000000000
82137  44.902  -22.007  58.812 0.0000000000
82142  43.887  -22.600  55.333 0.0000000000
95911  40.227  -26.870  56.283 0.0000000000
95912  40.266  -26.562  55.489 0.0000000000
95913  40.859  -26.486  56.543 0.0000000000
95914  41.391  -26.059  56.820 0.0000000000
95915  41.910  -25.584  57.131 0.0000000000
103469  38.419  -28.547  56.724 0.0000000000
103470  39.037  -28.459  57.836 0.0000000000
103477  38.683  -29.752  63.363 0.0000000000
103478  39.265  -29.550  63.437 0.0000000000
103479  39.377  -29.225  62.737 0.0000000000
103480  39.532  -28.954  62.027 0.0000000000
103481  39.689  -28.661  61.341 0.0000000000
103482  40.026  -28.596  62.246 0.0000000000
103483  40.539  -28.327  62.404 0.0000000000
103484  40.989  -28.113  62.500 0.0000000000
103485  41.477  -27.852  62.640 0.0000000000
103486  41.395  -28.462  62.967 0.0000000000
109172  37.362  -26.389  48.811 0.0000000000
109173  40.340  -25.243  52.437 0.0000000000
109174  39.725  -25.395  51.373 0.0000000000
109175  40.452  -25.001  51.666 0.0000000000
109184  43.774  -23.692  59.557 0.0000000000
109185  43.911  -23.342  58.933 0.0000000000
109186  44.051  -22.937  58.429 0.0000000000
123949  37.699  -26.937  52.055 0.0000000000
123950  37.666  -26.676  51.197 0.0000000000
123951  38.302  -26.583  52.327 0.0000000000
123952  38.952  -26.247  52.657 0.0000000000
123953  39.622  -25.901  52.924 0.0000000000
123954  40.225  -26.216  54.690 0.0000000000
123955  40.293  -25.863  53.989 0.0000000000
123956  40.304  -25.537  53.229 0.0000000000
123957  40.965  -25.127  53.559 0.0000000000
123958  41.604  -24.682  53.895 0.0000000000
123959  42.206  -24.246  54.204 0.0000000000
123960  45.499  -22.852  60.006 0.0000000000
123961  45.109  -22.575  59.713 0.0000000000
123962  45.574  -22.310  59.645 0.0000000000
133516  41.799  -26.264  60.262 0.0000000000
133517  41.934  -25.976  59.534 0.0000000000
133525  44.484  -24.025  60.556 0.0000000000
133526  44.970  -23.716  60.470 0.0000000000
133535  45.463  -23.506  60.279 0.0000000000
133536  45.933  -23.357  60.020 0.0000000000
140257  37.610  -27.296  52.717 0.0000000000
140258  38.289  -27.285  53.832 0.0000000000
140259  38.962  -27.279  54.881 0.0000000000
140260  38.387  -27.957  55.258 0.0000000000
140261  39.002  -27.597  55.512 0.0000000000
140262  39.620  -27.229  55.931 0.0000000000
140263  40.219  -27.165  56.981 0.0000000000
140264  40.672  -27.054  58.026 0.0000000000
140265  41.048  -26.846  59.168 0.0000000000
140274  37.217  -29.597  57.824 0.0000000000
140278  38.310  -29.742  62.568 0.0000000000
140279  37.922  -29.832  61.633 0.0000000000
140280  37.517  -29.973  60.619 0.0000000000
140281  37.715  -29.823  59.830 0.0000000000
140282  37.815  -29.593  58.900 0.0000000000
140283  37.900  -29.374  58.081 0.0000000000
140284  38.527  -29.097  58.354 0.0000000000
140285  39.100  -28.710  58.684 0.0000000000
140286  39.580  -28.320  58.967 0.0000000000
140287  39.833  -28.408  60.626 0.0000000000
140288  39.941  -28.123  59.955 0.0000000000
140289  40.001  -27.874  59.283 0.0000000000
140290  40.433  -27.478  59.558 0.0000000000
140291  40.874  -27.074  59.807 0.0000000000
140292  41.354  -26.654  60.110 0.0000000000
140293  41.673  -26.541  60.946 0.0000000000
151773  36.003  -26.460  46.463 0.0000000000
151774  36.077  -26.120  45.916 0.0000000000
151775  36.591  -25.890  45.967 0.0000000000
151778  37.712  -26.477  50.446 0.0000000000
151779  37.861  -26.256  49.770 0.0000000000
151780  37.970  -26.047  49.055 0.0000000000
151781  39.128  -25.555  50.309 0.0000000000
151782  38.553  -25.741  49.322 0.0000000000
151783  38.023  -25.843  48.312 0.0000000000
151796  42.113  -25.699  58.863 0.0000000000
151797  42.270  -25.414  58.125 0.0000000000
151798  42.400  -25.084  57.440 0.0000000000
151799  43.087  -24.366  58.554 0.0000000000
151800  42.795  -24.605  57.669 0.0000000000
151801  42.487  -24.751  56.717 0.0000000000
151802  42.607  -24.415  56.024 0.0000000000
151803  42.710  -24.109  55.293 0.0000000000
151804  42.784  -23.782  54.480 0.0000000000
151805  44.762  -22.463  59.253 0.0000000000
151806  44.473  -22.458  58.614 0.0000000000
151807  44.196  -22.542  57.889 0.0000000000
151809  44.400  -22.197  57.254 0.0000000000
151810  43.989  -22.746  57.022 0.0000000000
151811  43.707  -22.997  56.030 0.0000000000
151812  43.363  -23.183  54.971 0.0000000000
